600 10 17.7896769929182 208.516498694501
610 10	17.9224932607904 213.221754733039
620 10	18.0541173196359 217.954086745556
630 10	18.1845788454516 222.71321004335
640 10	18.3139063181525 227.498847415617
650 10	18.4421270876423 232.310728818913
660 10	18.5692674352775 237.14859108411
670 10	18.6953526311111 242.012177639602
680 10	18.8204069872644 246.901238249626
690 10	18.9444539077412 251.81552876668
700 10	19.0675159349695 256.754810897067
710 10	19.1896147933303 261.718851978697
720 10	19.310771429906 266.70742477034
730 10	19.4310060526643 271.720307251601
740 10	19.5503381662701 276.757282432911
750 10	19.6687866057036 281.818138174915
760 10	19.7863695678461 286.902667016682
770 10	19.9031046411812 292.010666012169
780 10	20.0190088337472 297.141936574475
790 10	20.1340985994645 302.296284327386
800 10	20.2483898629516 307.473518963798
810 10	20.3618980429344 312.673454110623
820 10	20.474638074345 317.895907199786
830 10	20.5866244291979 323.140699344984
840 10	20.6978711363262 328.407655223871
850 10	20.8083918000511 333.696602965384
860 10	20.9181996178562 339.007374041903
870 10	21.0273073971287 344.339803166013
880 10	21.1357275710284 349.693728191597
890 10	21.2434722135382 355.068990019041
900 10	21.350553053748 360.465432504338
910 10	21.456981489418 365.882902371887
920 10	21.5627685998663 371.321249130789
930 10	21.6679251582209 376.78032499448
940 10	21.7724616430736 382.259984803516
950 10	21.8763882495718 387.760085951373
960 10	21.9797148999805 393.280488313089
970 10	22.0824512537453 398.821054176637
980 10	22.1846067170839 404.381648176879
990 10	22.2861904521343 409.962137231987
1000 10 22.3872113856834 415.562390482209
200 5	9.75984449701959	34.4322125254038
210 5	9.96676679708678	36.6690050294459
220 5	10.1681455157403	38.9369109673995
230 5	10.3643714538375	41.2349188587241
240 5	10.5557922430325	43.5620929794333
250	5	10.7427186981889	45.9175647445203
260	5	10.9254300203414	48.3005253787259
270	5	11.1041780940965	50.7102196405286
280	5	11.279191064551	53.1459404143279
290	5	11.4506763357661	55.6070240237906
300	5	11.6188231009265	58.092846148477
310	5	11.7838044903993	60.6028182484451
320	5	11.9457794057817	63.1363844191917
330	5	12.1048940941573	65.6930186132313
340	5	12.2612835060694	68.2722221756914
350	5	12.4150724723737	70.873521650195
360	5	12.566376728582	73.4964668184708
370	5	12.7153038101225	76.140628942958
380	5	12.8619538378132	78.8055991864436
390	5	13.0064202095293	81.4909871866862
400	5	13.1487902113726	84.196419767224
420	5	13.4275628818254	89.6660049837872
440	5	13.6988670532617	95.2116712753053
460	5	13.9632292257181	100.830945288081
480	5	14.2211177402317	106.521538914444
500	5	14.4729513370229	112.281328220368
520	5	14.7191061651004	118.108335523437
540	5	14.9599215718632	124.000714046243
560	5	15.1957049220465	129.95673469276
580	5	15.4267356373654	135.974774588154
100	1	6.91830970918937	12.2641156104663
105	1	7.06154133488788	13.0417164207452
107	1	7.11772470518531	13.3554890537728
110	1	7.20086929127047	13.8290077222761
112	1	7.25557055278824	14.1465632089324
115	1	7.33657046189781	14.6256613957058
117	1	7.38989149826659	14.9468756569797
120	1	7.46889103251796	15.4313743114055
122	1	7.52092276682414	15.75613243369
125	1	7.59805101999314	16.2458654571605
130	1	7.72424798010472	17.0688734984827
132	1	7.77393761433756	17.4004062988154
135	1	7.84766006873927	17.9001546921352
137	1	7.89628178734253	18.2349320980642
140	1	7.96844858882508	18.7394810904586
142	1	8.01606268416285	19.0774159903459
145	1	8.08676012456145	19.5866389869661
147	1	8.13342152204842	19.9276495767139
150	1	8.20272834164433	20.4414275635358
152	1	8.24848724058334	20.7854368545209
155	1	8.31647551507603	21.3036577071698
157	1	8.3613779347577	21.6505930944164
160	1	8.42811383318214	22.1731509702499
162	1	8.47220208077731	22.5229438517903
165	1	8.53774651654061	23.0497386529231
167	1	8.58105959001795	23.4023240928918
170	1	8.64546878287115	23.9332609899868
172	1	8.6880427196098	24.2885774192687
175	1	8.75136868296974	24.8235664276341
177	1	8.79323686272967	25.1815553769145
180	1	8.8555278280924	25.7205109778321
182	1	8.89672123742094	26.0811168387286
185	1	8.95802202548976	26.6239576400666
187	1	8.99856948938311	26.9871274507002
190	1	9.05892183584509	27.5337758817827
192	1	9.09885022147563	27.8994591337043
195	1	9.15829306400306	28.4498411701718